name,pctwhite,pctblack,pctapi,pctaian,pct2prace,pcthispanic
SMITH,73.35,22.22,0.4,0.85,1.63,1.56
JOHNSON,61.55,33.8,0.42,0.91,1.82,1.5
WILLIAMS,48.52,46.72,0.37,0.78,2.01,1.6
BROWN,60.71,34.54,0.41,0.83,1.86,1.64
JONES,57.69,37.73,0.35,0.94,1.85,1.44
MILLER,85.81,10.41,0.42,0.63,1.31,1.43
DAVIS,64.73,30.77,0.4,0.79,1.73,1.58
GARCIA,6.17,0.49,1.43,0.58,0.51,90.81
RODRIGUEZ,5.52,0.54,0.58,0.24,0.41,92.7
WILSON,69.72,25.32,0.46,1.03,1.74,1.73
MARTINEZ,6.04,0.52,0.6,0.64,0.46,91.72
ANDERSON,77.6,18.06,0.48,0.7,1.59,1.58
TAYLOR,67.8,27.67,0.39,0.75,1.78,1.61
THOMAS,55.53,38.17,1.63,1.01,2,1.66
HERNANDEZ,4.55,0.38,0.65,0.27,0.35,93.81
MOORE,68.85,26.92,0.37,0.65,1.7,1.5
MARTIN,77.47,15.3,0.71,0.94,1.59,3.99
JACKSON,41.93,53.02,0.31,1.04,2.18,1.53
THOMPSON,72.48,22.53,0.44,1.15,1.78,1.62
WHITE,67.91,27.38,0.39,1.01,1.76,1.55
LOPEZ,5.85,0.61,1.04,0.47,0.52,91.51
LEE,40.09,17.41,37.83,1.03,2.3,1.34
GONZALEZ,4.76,0.37,0.38,0.18,0.33,93.99
HARRIS,53.88,41.63,0.36,0.65,2.02,1.45
CLARK,76.84,18.53,0.41,0.94,1.6,1.68
LEWIS,60.97,33.83,0.45,1.14,1.97,1.64
ROBINSON,51.34,44.1,0.37,0.51,1.99,1.68
WALKER,61.25,34.17,0.35,0.83,1.8,1.6
PEREZ,5.95,0.48,1.18,0.26,0.48,91.65
HALL,75.11,20.75,0.48,0.63,1.63,1.4
YOUNG,68.91,23.79,2.95,0.73,1.93,1.69
ALLEN,70.24,25.14,0.41,0.83,1.77,1.62
SANCHEZ,5.77,0.5,1.01,0.49,0.45,91.78
WRIGHT,68.3,27.36,0.4,0.66,1.75,1.52
KING,72.8,22.02,0.88,0.97,1.71,1.62
SCOTT,62.6,32.26,0.41,1.15,1.9,1.68
GREEN,59.33,36.23,0.34,0.61,1.78,1.71
BAKER,82.08,13.63,0.45,0.83,1.54,1.47
ADAMS,76.17,19.2,0.45,0.79,1.63,1.76
NELSON,80.29,14.93,0.51,1.09,1.49,1.68
HILL,66.83,28.42,0.42,0.91,1.78,1.64
RAMIREZ,4.4,0.29,0.97,0.27,0.4,93.67
CAMPBELL,76.47,19.13,0.43,0.65,1.67,1.65
MITCHELL,63.55,31.52,0.39,0.98,1.93,1.63
ROBERTS,79.56,15.86,0.47,0.85,1.67,1.58
CARTER,60.51,34.99,0.39,0.71,1.88,1.52
PHILLIPS,78.95,16.36,0.45,0.99,1.68,1.58
EVANS,70.65,25.05,0.4,0.68,1.67,1.55
TURNER,66.67,29.31,0.33,0.56,1.72,1.4
TORRES,6.05,0.58,1.42,0.26,0.53,91.16
PARKER,71.49,24.09,0.44,0.85,1.67,1.46
COLLINS,73.92,21.7,0.37,0.75,1.65,1.61
EDWARDS,65.16,30.21,0.4,0.75,1.84,1.63
STEWART,71.78,23.83,0.38,0.74,1.69,1.59
FLORES,5.57,0.47,2.15,0.43,0.54,90.84
MORRIS,75.92,19.29,0.43,0.93,1.7,1.73
NGUYEN,1.26,0.18,95.93,0.04,2.01,0.58
MURPHY,85.05,11.03,0.43,0.65,1.29,1.54
RIVERA,5.92,1.06,2.06,0.24,0.55,90.17
COOK,83.52,12.27,0.44,0.86,1.48,1.42
ROGERS,77.8,17.66,0.42,0.77,1.58,1.77
MORGAN,78.47,16.47,0.42,1.15,1.64,1.86
PETERSON,86.29,9.58,0.52,0.7,1.33,1.56
COOPER,70.36,25.26,0.4,0.76,1.69,1.54
REED,73.51,21.97,0.4,1,1.67,1.45
BAILEY,74.77,21.14,0.4,0.61,1.63,1.45
BELL,63.57,31.78,0.41,0.9,1.8,1.55
GOMEZ,6.1,0.81,1.04,0.34,0.54,91.16
KELLY,80.39,15.48,0.49,0.55,1.35,1.73
HOWARD,66.83,28.69,0.38,0.82,1.74,1.55
WARD,77.79,17.77,0.4,0.83,1.57,1.64
COX,84.48,11.55,0.39,0.64,1.42,1.52
DIAZ,6.17,0.73,1.19,0.22,0.47,91.22
RICHARDSON,62.25,32.77,0.36,1.05,1.82,1.75
WOOD,90.06,5.61,0.51,0.82,1.4,1.6
WATSON,68.58,26.85,0.47,0.8,1.72,1.58
BROOKS,62.72,32.67,0.41,0.75,1.83,1.62
BENNETT,79,16.51,0.41,0.89,1.54,1.65
GRAY,71.13,24.36,0.44,0.84,1.66,1.57
JAMES,54.45,38.09,0.81,2.51,2.1,2.04
REYES,5.26,0.75,6.02,0.3,0.76,86.9
CRUZ,5.95,0.83,5.61,0.38,0.99,86.24
HUGHES,80.6,15.45,0.39,0.52,1.46,1.58
PRICE,76.11,19.79,0.42,0.64,1.58,1.46
MYERS,86.59,9.75,0.38,0.53,1.35,1.4
LONG,82.35,11.75,1.78,1.21,1.44,1.47
FOSTER,72,23.19,0.46,0.86,1.78,1.7
SANDERS,63.44,31.9,0.33,0.85,1.73,1.76
ROSS,71.46,23.67,0.46,0.89,1.69,1.82
MORALES,5.6,0.6,1.24,0.25,0.44,91.88
POWELL,69.96,25.97,0.38,0.56,1.71,1.41
SULLIVAN,89.45,6.78,0.46,0.52,1.16,1.63
RUSSELL,79.45,15.79,0.43,1,1.7,1.63
ORTIZ,5.4,0.64,0.68,0.48,0.45,92.35
JENKINS,60.12,35.97,0.33,0.55,1.69,1.34
GUTIERREZ,5.21,0.25,1.4,0.33,0.42,92.39
PERRY,70.71,24.37,0.46,0.82,1.86,1.78
BUTLER,64.75,30.85,0.35,0.81,1.75,1.5
BARNES,67.45,28.23,0.4,0.72,1.71,1.49
FISHER,84.59,11.28,0.42,0.71,1.42,1.58
HENDERSON,62.18,33.2,0.38,0.82,1.81,1.61
COLEMAN,52.04,43.83,0.33,0.5,1.87,1.44
SIMMONS,60.55,35.26,0.35,0.61,1.74,1.5
PATTERSON,70.09,25.66,0.37,0.61,1.67,1.61
JORDAN,64.3,30.06,0.44,0.68,1.67,2.86
REYNOLDS,83.28,12.5,0.42,0.61,1.55,1.65
HAMILTON,72.79,22.65,0.44,0.78,1.73,1.61
GRAHAM,72.84,22.72,0.42,0.77,1.61,1.64
KIM,2.6,0.36,94.52,0.03,1.99,0.5
GONZALES,10,0.86,3.1,0.76,0.84,84.44
ALEXANDER,60.91,33.22,0.91,0.7,2.05,2.21
RAMOS,7.2,0.92,5.04,0.25,1.18,85.42
WALLACE,71.76,23.73,0.43,0.73,1.72,1.64
GRIFFIN,66.46,29.77,0.34,0.5,1.56,1.36
WEST,77.69,17.8,0.39,0.81,1.64,1.66
COLE,77.59,18.2,0.43,0.68,1.61,1.48
HAYES,71.64,24.05,0.38,0.73,1.71,1.48
CHAVEZ,5.65,0.21,0.59,1.15,0.43,91.98
GIBSON,74.57,21.07,0.36,0.85,1.65,1.49
BRYANT,60.97,34.68,0.3,0.89,1.79,1.37
ELLIS,72.82,22.6,0.44,0.66,1.64,1.83
STEVENS,83.4,11.4,0.53,1.23,1.64,1.79
MURRAY,77.59,18.13,0.48,0.6,1.54,1.66
FORD,64.28,31.4,0.37,0.61,1.84,1.51
MARSHALL,68.89,26.35,0.42,0.88,1.82,1.64
OWENS,68.09,27.86,0.31,0.71,1.69,1.35
MCDONALD,79.19,16.26,0.43,0.76,1.51,1.85
HARRISON,71,23.76,0.42,1.35,1.69,1.78
RUIZ,6.12,0.48,1.01,0.28,0.41,91.7
KENNEDY,82.97,12.98,0.46,0.62,1.4,1.57
WELLS,76.31,19.34,0.37,0.8,1.61,1.56
ALVAREZ,6.61,0.64,1.15,0.47,0.47,90.66
WOODS,60.68,34.66,0.35,0.84,1.92,1.55
MENDOZA,4.93,0.38,5.2,0.29,0.64,88.57
CASTILLO,5.62,0.77,3.26,0.75,0.75,88.85
OLSON,96.03,0.36,0.54,0.64,1.04,1.38
WEBB,77.74,18.36,0.38,0.62,1.5,1.41
WASHINGTON,5.16,89.87,0.25,0.64,2.64,1.45
TUCKER,72.06,23.57,0.33,0.74,1.72,1.59
FREEMAN,67.96,27.47,0.37,0.95,1.76,1.49
BURNS,82.18,13.63,0.45,0.71,1.45,1.59
HENRY,65.06,28.76,0.57,1.71,2,1.9
VASQUEZ,5.49,0.5,0.69,0.37,0.49,92.46
SNYDER,95.37,1.28,0.46,0.51,1.11,1.28
SIMPSON,73.29,22.13,0.44,0.78,1.68,1.69
CRAWFORD,71.31,24.47,0.4,0.69,1.69,1.45
JIMENEZ,4.46,0.31,1.53,0.27,0.45,92.98
PORTER,71.19,24.44,0.42,0.75,1.62,1.58
MASON,70.99,24.48,0.42,0.73,1.7,1.68
SHAW,74.67,20.23,1.24,0.73,1.65,1.48
GORDON,67.75,27.22,0.45,0.69,1.89,2
WAGNER,93.97,2.5,0.43,0.49,1,1.6
HUNTER,62.92,32.3,0.4,0.97,1.87,1.54
ROMERO,10.44,0.46,1.34,0.95,0.66,86.13
HICKS,69.46,26.14,0.37,0.94,1.68,1.42
DIXON,57.05,38.21,0.38,0.89,1.84,1.62
HUNT,76.03,16.33,0.48,3.93,1.68,1.55
PALMER,77.87,17.31,0.45,0.83,1.62,1.93
ROBERTSON,75.35,20.24,0.41,0.87,1.55,1.58
BLACK,76.65,18.56,0.42,1.35,1.49,1.53
HOLMES,59.22,36.52,0.31,0.73,1.72,1.5
STONE,87.4,7.9,0.55,0.93,1.58,1.64
MEYER,96.07,0.45,0.57,0.24,1.13,1.55
BOYD,65.64,29.94,0.41,0.97,1.66,1.38
MILLS,79.7,16.09,0.4,0.79,1.5,1.52
WARREN,72.5,23.09,0.43,0.8,1.72,1.47
FOX,89.82,5.68,0.55,1.03,1.39,1.54
ROSE,84.23,10.86,0.52,0.61,1.83,1.95
RICE,79.65,16.26,0.4,0.65,1.51,1.52
MORENO,7.05,0.37,0.64,0.48,0.49,90.97
SCHMIDT,96.48,0.28,0.46,0.33,0.87,1.57
PATEL,1.55,0.26,91.37,0.41,5.84,0.57
FERGUSON,77.54,18.05,0.44,0.6,1.66,1.71
NICHOLS,84.29,11.36,0.41,0.69,1.57,1.69
HERRERA,5.6,0.37,1.01,0.68,0.41,91.93
MEDINA,6.39,0.53,1.95,0.39,0.64,90.1
RYAN,93.33,2.82,0.64,0.42,1.17,1.62
FERNANDEZ,11.35,1.28,5.17,0.22,1.29,80.7
WEAVER,85.71,10.02,0.4,1.07,1.4,1.41
DANIELS,57.17,37.83,0.44,0.86,1.92,1.78
STEPHENS,76.54,19.22,0.37,0.64,1.61,1.63
GARDNER,77.23,18.67,0.44,0.67,1.51,1.47
PAYNE,73.69,22.03,0.35,0.54,1.75,1.64
KELLEY,85.81,10.21,0.47,0.62,1.52,1.38
DUNN,82.35,13.48,0.63,0.54,1.48,1.53
PIERCE,82.72,12.63,0.4,1.01,1.61,1.64
ARNOLD,83.35,12.63,0.43,0.55,1.48,1.56
TRAN,1.56,0.16,95.61,0.07,1.98,0.62
SPENCER,71.71,22.55,0.69,1.33,1.97,1.75
PETERS,85.16,9.45,0.78,1.34,1.54,1.73
HAWKINS,63.6,32.07,0.37,0.65,1.72,1.58
GRANT,58.25,36.58,0.41,1.07,1.89,1.81
HANSEN,95.64,0.4,0.6,0.49,1.24,1.62
CASTRO,8.72,0.66,3.83,0.3,0.97,85.52
HOFFMAN,95.45,1.11,0.44,0.53,1.04,1.43
HART,82.71,12.92,0.46,0.73,1.48,1.7
ELLIOTT,83.87,12.16,0.42,0.62,1.48,1.45
CUNNINGHAM,75.56,20.4,0.41,0.47,1.53,1.63
KNIGHT,74.79,20.78,0.4,0.74,1.67,1.63
BRADLEY,71.21,24.39,0.4,0.82,1.62,1.56
CARROLL,85.05,11,0.44,0.63,1.39,1.5
HUDSON,69.35,26.22,0.39,0.9,1.66,1.49
DUNCAN,78.88,16.48,0.39,0.94,1.65,1.66
ARMSTRONG,74.96,20.3,0.47,0.86,1.64,1.76
BERRY,73.27,22.26,0.44,0.68,1.75,1.6
ANDREWS,74.23,20.84,0.59,0.92,1.78,1.65
JOHNSTON,93.13,2.45,0.52,0.74,1.41,1.74
RAY,77.59,17.07,1.25,0.8,1.64,1.66
LANE,79.36,16.22,0.5,0.85,1.52,1.54
RILEY,75.08,20.52,0.39,0.81,1.51,1.68
CARPENTER,88.07,8.13,0.45,0.6,1.32,1.43
PERKINS,71.52,23.95,0.43,0.71,1.76,1.63
AGUILAR,4.7,0.22,1.74,0.66,0.49,92.19
SILVA,33.68,1.19,1.82,0.41,4.75,58.15
RICHARDS,81.74,13.28,0.53,0.94,1.62,1.89
WILLIS,64.74,30.38,0.46,1.16,1.77,1.49
MATTHEWS,66.21,29.45,0.49,0.54,1.79,1.53
CHAPMAN,81.57,14.11,0.42,0.79,1.53,1.58
LAWRENCE,71.93,23.12,0.58,0.91,1.81,1.65
GARZA,6.59,0.19,0.15,0.29,0.31,92.47
VARGAS,6.2,0.44,0.84,0.23,0.51,91.78
WATKINS,64.54,31.38,0.33,0.62,1.78,1.35
WHEELER,82.79,12.84,0.41,0.91,1.45,1.61
LARSON,96.13,0.39,0.55,0.62,1.03,1.27
CARLSON,96.22,0.4,0.54,0.5,1.03,1.32
HARPER,70.12,25.64,0.36,0.6,1.77,1.5
GEORGE,71.44,17.37,4.67,2.22,2.07,2.24
GREENE,70.34,25.52,0.39,0.72,1.73,1.3
BURKE,87.74,8.4,0.48,0.49,1.31,1.57
GUZMAN,4.73,0.49,1.44,0.21,0.45,92.69
MORRISON,81.68,13.8,0.5,0.93,1.6,1.5
MUNOZ,5.52,0.3,0.88,0.29,0.41,92.61
JACOBS,76.65,15.86,0.48,3.66,1.63,1.72
OBRIEN,95.31,1.13,0.53,0.33,1.18,1.52
LAWSON,76.3,19.71,0.33,0.6,1.67,1.39
FRANKLIN,57.22,37.78,0.45,0.87,1.96,1.71
LYNCH,84.22,11.23,0.43,0.98,1.46,1.68
BISHOP,86.38,9.71,0.46,0.51,1.41,1.53
CARR,75.79,20.07,0.36,0.56,1.6,1.63
SALAZAR,6.14,0.28,1.59,0.58,0.52,90.89
AUSTIN,69.57,25.5,0.5,0.81,1.79,1.82
MENDEZ,5.27,0.81,0.47,0.35,0.51,92.6
GILBERT,80.31,14.98,0.42,0.69,1.49,2.11
JENSEN,95.44,0.36,0.58,0.79,1.18,1.65
WILLIAMSON,79.22,16.74,0.39,0.71,1.51,1.44
MONTGOMERY,70.22,25.53,0.45,0.55,1.72,1.53
HARVEY,70.7,24.11,0.41,1.56,1.65,1.58
OLIVER,66.74,26.81,0.54,0.72,1.85,3.33
HOWELL,81.31,14.55,0.36,0.67,1.48,1.64
DEAN,78.74,16.23,0.81,0.64,1.76,1.82
HANSON,93.87,2.39,0.57,0.58,1.2,1.39
WEBER,95.58,1.19,0.46,0.36,1,1.41
GARRETT,72.43,23.57,0.31,0.56,1.65,1.48
SIMS,56.84,39.14,0.32,0.51,1.77,1.42
BURTON,69.73,26.03,0.41,0.53,1.71,1.6
FULLER,75.53,20.39,0.46,0.58,1.64,1.41
SOTO,5.94,0.55,0.47,0.34,0.43,92.27
MCCOY,69,26.39,0.38,0.81,1.73,1.69
WELCH,85.6,9.83,0.45,1.04,1.45,1.63
CHEN,1.68,0.36,95.45,0.02,2,0.49
SCHULTZ,96.24,0.62,0.42,0.37,0.95,1.4
WALTERS,85.31,10.3,0.46,0.86,1.32,1.74
REID,63.24,32.01,0.47,0.57,1.97,1.74
FIELDS,59.74,35.2,0.33,1.24,2,1.49
WALSH,95.9,0.96,0.49,0.2,1.04,1.41
LITTLE,72.28,23.39,0.36,1.2,1.52,1.25
FOWLER,83.34,12.32,0.4,0.96,1.53,1.45
BOWMAN,82.9,12.94,0.42,0.84,1.46,1.45
DAVIDSON,86.25,9.58,0.46,0.6,1.51,1.6
MAY,85.54,9.45,0.94,0.66,1.41,2.01
DAY,85.18,10.12,0.7,0.97,1.46,1.57
SCHNEIDER,96.67,0.33,0.43,0.27,0.9,1.41
NEWMAN,84.97,10.57,0.49,0.65,1.64,1.68
BREWER,83.34,12.03,0.33,1.24,1.58,1.47
LUCAS,73.57,18.33,1.35,0.5,1.72,4.53
HOLLAND,78.86,17.23,0.36,0.55,1.54,1.46
WONG,3.33,0.71,88.5,0.05,4.39,3.02
BANKS,41.3,54.24,0.3,0.41,2.28,1.47
SANTOS,21.93,1.82,13.21,0.33,4.38,58.32
CURTIS,79.88,15.42,0.41,1.07,1.56,1.67
PEARSON,74.49,21.59,0.47,0.43,1.6,1.42
DELGADO,6.45,0.69,0.71,0.24,0.66,91.26
VALDEZ,6.84,0.54,3.36,0.71,0.73,87.82
PENA,5.92,0.51,1.05,0.39,0.58,91.55
RIOS,5.33,0.45,0.39,0.4,0.41,93.02
DOUGLAS,61.34,33.49,0.43,0.68,2.02,2.05
SANDOVAL,6,0.19,0.55,2.18,0.41,90.66
BARRETT,83.22,12.41,0.57,0.55,1.54,1.72
HOPKINS,75.56,20.28,0.42,0.82,1.55,1.37
KELLER,92.93,3.59,0.42,0.47,1.11,1.49
GUERRERO,5.16,0.32,2.36,0.25,0.6,91.32
STANLEY,81.04,14.15,0.52,1.05,1.57,1.65
BATES,77.09,18.56,0.41,0.73,1.48,1.72
ALVARADO,4.79,0.33,0.6,0.29,0.44,93.57
BECK,91.73,4.47,0.58,0.6,1.23,1.39
ORTEGA,5.69,0.33,1.1,0.62,0.43,91.83
WADE,67.49,28.13,0.36,0.65,1.87,1.49
ESTRADA,5.23,0.49,1.77,0.33,0.53,91.65
CONTRERAS,4.72,0.24,0.62,0.3,0.37,93.75
BARNETT,78.75,16.63,0.36,0.86,1.78,1.63
CALDWELL,70.27,25.58,0.34,0.69,1.55,1.57
SANTIAGO,5.86,1.46,4.43,0.19,0.84,87.22
LAMBERT,85.71,9.34,0.46,1.16,1.39,1.94
POWERS,91.01,5.14,0.51,0.52,1.23,1.58
CHAMBERS,68.8,26.93,0.36,0.56,1.78,1.57
NUNEZ,6.44,0.77,0.8,0.3,0.47,91.21
CRAIG,81.17,14.47,0.5,0.68,1.57,1.61
LEONARD,82.59,13.14,0.45,0.75,1.32,1.75
LOWE,75.29,18.53,1.66,0.94,1.83,1.75
RHODES,77.16,19.04,0.32,0.62,1.45,1.41
BYRD,61.25,34.2,0.26,1.08,1.83,1.39
GREGORY,80.87,14.62,0.43,0.75,1.51,1.82
SHELTON,76.18,19.76,0.36,0.62,1.7,1.37
FRAZIER,59.05,36.14,0.37,1.29,1.85,1.3
BECKER,96.4,0.46,0.45,0.31,1.02,1.38
MALDONADO,5.53,0.51,0.33,0.27,0.42,92.95
FLEMING,74.59,21.51,0.44,0.48,1.55,1.43
VEGA,6.46,0.6,0.65,0.29,0.45,91.54
SUTTON,75.08,20.88,0.37,0.64,1.61,1.41
COHEN,90.63,5.51,0.42,0.11,1.23,2.11
JENNINGS,73.38,22.36,0.54,0.56,1.62,1.53
PARKS,71.48,24.25,0.53,0.57,1.8,1.37
MCDANIEL,78.48,17.53,0.3,0.59,1.59,1.5
WATTS,70.81,24.96,0.35,0.73,1.66,1.48
BARKER,88.54,7.24,0.48,0.63,1.42,1.69
NORRIS,82.01,13.81,0.37,0.93,1.53,1.35
VAUGHN,73.63,22.02,0.33,0.71,1.74,1.57
VAZQUEZ,4.6,0.34,0.19,0.09,0.27,94.52
HOLT,81.19,14.44,0.52,0.78,1.69,1.38
SCHWARTZ,96.77,0.4,0.46,0.16,1,1.21
STEELE,80.39,14.94,0.41,1.08,1.47,1.71
BENSON,79.98,15.65,0.61,0.74,1.48,1.55
NEAL,64.69,30.91,0.42,0.69,1.84,1.43
DOMINGUEZ,6.16,0.43,1.15,0.37,0.46,91.43
HORTON,72.15,23.5,0.4,0.69,1.73,1.53
TERRY,68.82,26.63,0.41,0.73,1.73,1.68
WOLFE,92.29,3.37,0.43,1.27,1.21,1.43
HALE,83.99,11.17,0.46,1.19,1.59,1.6
LYONS,76.88,18.55,0.45,0.94,1.67,1.51
GRAVES,71.95,23.56,0.37,0.72,1.74,1.66
HAYNES,63.72,32.01,0.3,0.56,1.71,1.7
MILES,63.61,31.8,0.43,0.81,1.76,1.59
PARK,30.06,0.82,66.3,0.2,1.77,0.85
WARNER,86.32,9.69,0.51,0.61,1.4,1.48
PADILLA,6.94,0.34,2.07,1,0.64,88.99
BUSH,74.14,21.49,0.52,0.78,1.53,1.55
THORNTON,69.33,26.53,0.37,0.66,1.8,1.31
MCCARTHY,93.9,2.78,0.54,0.26,1.12,1.41
MANN,83.1,9.68,2.41,1.28,1.73,1.81
ZIMMERMAN,94.81,2.27,0.43,0.27,0.97,1.25
ERICKSON,96.39,0.24,0.5,0.54,1.08,1.26
FLETCHER,75.52,19.92,0.47,0.73,1.69,1.68
MCKINNEY,71.57,24.31,0.29,0.8,1.68,1.35
PAGE,77.16,18.66,0.48,0.54,1.43,1.73
DAWSON,70.48,25.22,0.48,0.51,1.72,1.59
JOSEPH,35.48,48.84,6.91,1.09,5.31,2.37
MARQUEZ,5.69,0.56,2.79,0.48,0.64,89.84
REEVES,79.79,15.66,0.46,0.7,1.64,1.75
KLEIN,96.53,0.3,0.4,0.23,1.05,1.49
ESPINOZA,4.38,0.25,0.37,0.41,0.31,94.29
BALDWIN,79.12,16.51,0.41,0.9,1.44,1.62
MORAN,71.43,2.44,0.55,0.82,1.04,23.71
LOVE,59.3,36.26,0.45,0.56,1.86,1.58
ROBBINS,89.09,7.03,0.41,0.8,1.36,1.3
HIGGINS,85.92,10.27,0.41,0.51,1.37,1.52
BALL,84.53,11.7,0.43,0.5,1.17,1.66
CORTEZ,7.03,0.72,2.79,0.33,0.58,88.54
LE,1.83,0.29,95.15,0.03,2.13,0.56
GRIFFITH,85.82,9.8,0.37,0.66,1.62,1.74
BOWEN,84.52,11.06,0.41,0.69,1.59,1.73
SHARP,85.12,10.5,0.45,0.95,1.4,1.58
CUMMINGS,75.47,18.38,0.68,2.15,1.84,1.49
RAMSEY,79.54,16.13,0.34,0.67,1.64,1.68
HARDY,63.67,31.73,0.39,1.1,1.65,1.45
SWANSON,92.01,4.59,0.55,0.4,1.09,1.36
BARBER,77.88,17.4,0.55,0.99,1.6,1.57
ACOSTA,8.04,0.69,2.36,0.29,0.63,87.99
LUNA,9.78,0.37,2,0.58,0.7,86.58
CHANDLER,76.77,19.11,0.5,0.55,1.59,1.48
BLAIR,82.13,13.52,0.47,0.61,1.68,1.59
DANIEL,67.02,24.05,2.12,0.58,1.95,4.27
CROSS,77.68,17.63,0.41,0.9,1.73,1.66
SIMON,69.94,20.95,1.98,0.65,1.83,4.66
DENNIS,68.5,26.49,0.44,0.72,1.83,2.03
OCONNOR,94.75,1.74,0.58,0.25,1.1,1.58
QUINN,88.13,7.91,0.52,0.45,1.26,1.73
GROSS,86.61,9.85,0.41,0.31,1.15,1.67
NAVARRO,7.9,0.45,4.1,0.27,0.71,86.57
MOSS,71.87,24.11,0.37,0.71,1.48,1.46
FITZGERALD,88.03,8.44,0.49,0.32,1.28,1.43
DOYLE,90.74,5.37,0.46,0.53,1.31,1.6
MCLAUGHLIN,89.65,6.73,0.42,0.47,1.17,1.55
ROJAS,4.77,0.43,0.85,0.21,0.44,93.31
RODGERS,72.92,22.64,0.42,0.63,1.62,1.76
STEVENSON,65.79,29.69,0.45,0.51,1.79,1.76
SINGH,3.51,3.09,74.44,1.01,15.3,2.65
YANG,0.95,0.13,95.03,0.04,3.49,0.35
FIGUEROA,5.46,0.93,0.99,0.24,0.52,91.86
HARMON,80.01,15.95,0.39,0.77,1.51,1.38
NEWTON,77.9,17.74,0.44,0.72,1.56,1.64
PAUL,73.8,16.16,3.63,1.94,2.6,1.87
MANNING,76.64,19.14,0.42,0.83,1.41,1.55
GARNER,74.14,21.99,0.37,0.59,1.51,1.4
MCGEE,64.94,30.69,0.35,0.62,1.81,1.6
REESE,68.17,27.73,0.35,0.59,1.49,1.66
FRANCIS,63.89,27.57,1.3,2.08,2.44,2.72
BURGESS,77.77,17.43,0.56,1.02,1.75,1.48
ADKINS,88.92,7.52,0.28,0.87,1.26,1.15
GOODMAN,80.66,15.12,0.43,0.97,1.25,1.58
CURRY,61.73,34.25,0.42,0.42,1.68,1.51
BRADY,89.02,6.56,0.46,0.86,1.24,1.86
CHRISTENSEN,95.86,0.27,0.51,0.62,1.13,1.61
POTTER,90.33,5.19,0.47,0.78,1.52,1.7
WALTON,62.56,33.54,0.32,0.47,1.67,1.44
GOODWIN,78.97,16.82,0.41,0.82,1.55,1.42
MULLINS,89.92,6.75,0.3,0.6,1.25,1.17
MOLINA,6.6,0.46,2.34,0.85,0.62,89.13
WEBSTER,76.16,18.51,0.48,1.34,1.88,1.64
FISCHER,95.71,0.86,0.45,0.35,1.08,1.55
CAMPOS,7.55,0.3,1.5,0.25,0.85,89.55
AVILA,8.33,0.4,0.94,0.26,0.64,89.43
SHERMAN,84.91,10.9,0.46,0.91,1.35,1.48
TODD,82.81,12.95,0.47,0.61,1.59,1.58
CHANG,2.28,0.94,90.13,0.02,3.69,2.94
BLAKE,74.04,21.11,0.42,0.78,1.78,1.86
MALONE,69.8,26.01,0.43,0.64,1.58,1.54
WOLF,94.96,1.04,0.48,0.97,1.15,1.4
HODGES,75.92,19.89,0.42,0.46,1.56,1.75
JUAREZ,4.08,0.22,0.43,0.23,0.32,94.72
GILL,70.9,14.15,8.35,0.53,2.28,3.79
FARMER,79.01,16.88,0.34,0.99,1.42,1.35
HINES,60.48,35.62,0.38,0.46,1.56,1.49
GALLAGHER,96.08,0.58,0.46,0.25,1.02,1.61
DURAN,11.58,0.56,1.09,0.93,0.68,85.17
HUBBARD,73.47,22.2,0.34,0.93,1.67,1.39
CANNON,72.24,23.73,0.38,0.54,1.6,1.5
MIRANDA,14.34,0.97,4.08,0.57,1.83,78.2
WANG,3.25,0.19,94.47,0.03,1.73,0.33
SAUNDERS,69.67,25.59,0.44,0.75,1.9,1.65
TATE,58.16,37.54,0.47,0.73,1.72,1.38
MACK,47.35,48.38,0.6,0.56,1.74,1.37
HAMMOND,80.78,15.11,0.43,0.82,1.52,1.34
CARRILLO,6.04,0.27,0.73,0.47,0.39,92.1
TOWNSEND,70.59,25.03,0.43,0.75,1.62,1.59
WISE,80.67,14.97,0.5,0.65,1.54,1.68
INGRAM,63.69,32.14,0.31,0.54,1.76,1.56
BARTON,87.13,7.55,0.43,1.43,1.38,2.08
MEJIA,3.99,0.49,1.44,0.28,0.55,93.25
AYALA,4.77,0.57,0.48,0.23,0.45,93.51
SCHROEDER,96.74,0.23,0.48,0.39,0.86,1.3
HAMPTON,56.28,39.52,0.34,0.65,1.88,1.33
ROWE,82.19,13.53,0.51,0.56,1.56,1.65
PARSONS,92.71,3.39,0.41,0.57,1.41,1.51
FRANK,86.69,7.38,0.7,2.1,1.34,1.78
WATERS,75.27,20.52,0.37,0.79,1.54,1.51
STRICKLAND,78.49,16.14,0.36,2.16,1.53,1.32
OSBORNE,83.98,11.98,0.38,0.63,1.59,1.44
MAXWELL,75.79,19.66,0.43,0.59,1.7,1.82
CHAN,2.72,0.54,91.01,0.04,2.82,2.87
DELEON,7.55,1.06,8.29,0.23,0.93,81.94
NORMAN,71.58,24.13,0.42,0.61,1.71,1.54
HARRINGTON,83.92,11.97,0.53,0.59,1.49,1.51
CASEY,88.51,7.25,0.49,0.66,1.6,1.5
PATTON,75.56,20.18,0.39,0.78,1.62,1.48
LOGAN,67.08,27.1,0.56,1.06,2.05,2.15
BOWERS,85.34,10.94,0.38,0.5,1.34,1.5
MUELLER,96.96,0.23,0.48,0.18,0.91,1.24
GLOVER,54.91,40.96,0.36,0.4,1.9,1.47
FLOYD,67.94,28.3,0.31,0.57,1.59,1.28
HARTMAN,95.42,1.5,0.44,0.38,1.05,1.2
BUCHANAN,79.92,15.91,0.48,0.56,1.57,1.57
COBB,72.07,24.24,0.35,0.65,1.48,1.2
FRENCH,87.74,7.65,0.49,1.04,1.56,1.52
KRAMER,96.47,0.28,0.46,0.25,1.08,1.46
MCCORMICK,89.1,7.24,0.41,0.43,1.3,1.52
CLARKE,66.14,28.18,0.52,0.4,2.29,2.46
TYLER,64.08,30.74,0.43,1.37,1.8,1.58
GIBBS,67.84,27.75,0.39,0.7,1.75,1.57
MOODY,72.99,22.54,0.37,0.8,1.57,1.73
CONNER,80.81,15.41,0.38,0.51,1.44,1.44
SPARKS,85.92,10,0.4,0.73,1.56,1.39
MCGUIRE,89.56,6.19,0.53,0.51,1.51,1.7
LEON,13.02,3.02,1.16,0.45,0.71,81.65
BAUER,96.34,0.34,0.45,0.33,0.98,1.56
NORTON,89.66,6.08,0.43,1.09,1.34,1.41
POPE,72.86,23.12,0.36,0.59,1.61,1.45
FLYNN,93.64,2.8,0.48,0.56,1.07,1.46
HOGAN,82.38,13.86,0.41,0.47,1.27,1.61
ROBLES,5.88,0.51,2.05,0.44,0.53,90.58
SALINAS,5.68,0.2,0.98,0.25,0.39,92.5
YATES,82.61,13.29,0.44,0.63,1.46,1.57
LINDSEY,70.65,24.56,0.74,0.6,1.96,1.49
LLOYD,74.91,21.15,0.47,0.41,1.56,1.49
MARSH,85.01,11.32,0.42,0.5,1.41,1.34
MCBRIDE,76.51,19.02,0.38,0.81,1.54,1.73
OWEN,93.36,2.37,0.55,0.87,1.28,1.58
SOLIS,5.86,0.45,1.57,0.2,0.42,91.5
PHAM,1.31,0.18,95.86,0.06,1.98,0.63
LANG,84.16,9.9,2.34,0.56,1.41,1.63
PRATT,80.27,14.77,0.53,1.03,1.63,1.77
LARA,6.28,0.42,1.07,0.36,0.56,91.3
BROCK,85.02,11.18,0.33,0.68,1.43,1.36
BALLARD,77.29,18.46,0.29,0.87,1.58,1.51
TRUJILLO,9.07,0.2,0.22,1.86,0.59,88.07
SHAFFER,94.61,2.2,0.4,0.36,1.17,1.27
DRAKE,81.84,14.21,0.41,0.64,1.49,1.41
ROMAN,25.56,1.98,0.94,0.17,0.72,70.64
AGUIRRE,6.28,0.28,1.19,0.26,0.46,91.52
MORTON,75.94,19.46,0.51,0.77,1.76,1.57
STOKES,60.78,35.09,0.33,0.44,1.71,1.64
LAMB,87.41,8.45,0.58,0.57,1.37,1.63
PACHECO,18.19,0.5,1.18,0.9,1.52,77.71
PATRICK,76.02,19.4,0.51,1.01,1.61,1.45
COCHRAN,87.03,8.61,0.36,1.23,1.35,1.42
SHEPHERD,80.98,14.74,0.38,1.01,1.55,1.34
CAIN,80.07,15.95,0.49,0.66,1.48,1.36
BURNETT,72.77,22.7,0.39,0.79,1.88,1.48
HESS,95.94,0.86,0.48,0.42,1.03,1.27
LI,1.28,0.12,96.44,0.01,1.4,0.75
CERVANTES,3.96,0.12,0.85,0.26,0.32,94.49
OLSEN,95.28,0.28,0.64,0.73,1.36,1.7
BRIGGS,77.89,17.99,0.43,0.61,1.64,1.44
OCHOA,5.18,0.33,0.63,0.41,0.28,93.17
CABRERA,5.48,0.45,3.56,0.16,0.64,89.71
VELASQUEZ,5.34,0.57,1.74,0.59,0.51,91.26
MONTOYA,8.74,0.24,0.83,1.66,0.74,87.78
ROTH,96.27,0.46,0.72,0.24,0.99,1.33
MEYERS,91.17,4.49,0.67,0.65,1.39,1.64
CARDENAS,5.14,0.29,1.04,0.16,0.41,92.96
FUENTES,5.76,0.49,1.47,0.27,0.49,91.52
WEISS,96.45,0.36,0.47,0.19,1.08,1.46
HOOVER,93.27,3.25,0.4,0.63,1.22,1.24
WILKINS,65.2,30.04,0.34,0.88,1.81,1.72
NICHOLSON,77,18.74,0.41,0.6,1.63,1.62
UNDERWOOD,81,14.49,0.37,1.07,1.62,1.44
SHORT,85.71,9.93,0.5,0.91,1.51,1.44
CARSON,74.27,21.14,0.53,0.66,1.75,1.65
MORROW,81.58,14.32,0.44,0.68,1.56,1.42
COLON,7.9,2.07,0.28,0.14,0.57,89.03
HOLLOWAY,60.73,35.27,0.31,0.54,1.84,1.3
SUMMERS,80.58,14.48,0.5,1.13,1.68,1.63
BRYAN,84.48,10.23,0.5,0.68,1.72,2.4
PETERSEN,95.15,1.14,0.62,0.39,1.1,1.6
MCKENZIE,68.68,26.14,0.55,0.73,1.95,1.94
SERRANO,6.33,0.75,2.84,0.2,0.59,89.29
WILCOX,85.79,9.94,0.48,0.79,1.43,1.56
CAREY,83.21,12.75,0.43,0.64,1.53,1.43
CLAYTON,71.44,24.56,0.38,0.5,1.78,1.35
POOLE,74.92,21.82,0.37,0.36,1.45,1.08
CALDERON,5.92,0.67,1.67,0.19,0.45,91.1
GALLEGOS,8.34,0.15,0.46,0.61,0.53,89.9
GREER,75.62,20.62,0.35,0.44,1.49,1.47
RIVAS,5.82,0.61,0.4,0.33,0.4,92.43
GUERRA,12.73,0.74,0.51,0.56,0.59,84.87
DECKER,95.37,0.82,0.41,0.6,1.15,1.65
COLLIER,69.6,26.48,0.37,0.52,1.79,1.24
WALL,87.8,8,0.48,0.77,1.35,1.59
WHITAKER,73.4,23.2,0.34,0.42,1.4,1.25
BASS,71.82,23.74,0.39,0.63,1.76,1.66
FLOWERS,55.93,39.22,0.32,0.53,2.05,1.94
DAVENPORT,73.94,21.72,0.41,0.74,1.72,1.49
CONLEY,81.47,15.09,0.35,0.5,1.36,1.22
HOUSTON,54.63,40.92,0.42,0.56,1.97,1.5
HUFF,82.89,13.11,0.4,0.69,1.48,1.43
COPELAND,68.57,27.32,0.34,0.63,1.69,1.45
HOOD,76.59,19.08,0.4,1.01,1.59,1.33
MONROE,65.22,28.87,0.42,1.44,1.77,2.29
MASSEY,75.41,19.77,0.8,0.94,1.61,1.46
ROBERSON,53.85,42.11,0.28,0.59,1.88,1.29
COMBS,87.37,9.01,0.36,0.54,1.42,1.29
FRANCO,19.29,0.55,1.76,0.36,0.88,77.16
LARSEN,95.64,0.43,0.55,0.62,1.23,1.53
PITTMAN,66.35,30,0.28,0.61,1.54,1.21
RANDALL,76.37,18.86,0.46,1.09,1.64,1.58
SKINNER,81.4,14.45,0.4,0.63,1.44,1.68
WILKINSON,89.87,6.25,0.53,0.58,1.31,1.47
KIRBY,87.47,8.78,0.4,0.66,1.4,1.29
CAMERON,77.87,17.02,0.56,0.67,1.68,2.2
BRIDGES,70.46,25.54,0.37,0.52,1.67,1.45
ANTHONY,63.43,30.43,1.1,0.62,1.84,2.59
RICHARD,73.19,22.09,0.61,0.52,1.64,1.94
KIRK,84.75,10.42,0.41,1.3,1.69,1.44
BRUCE,79.85,14.99,0.53,1.02,1.73,1.87
SINGLETON,48.33,48.12,0.27,0.33,1.7,1.25
MATHIS,64.71,31.54,0.21,0.6,1.53,1.42
BRADFORD,67.27,28.47,0.35,0.6,1.72,1.6
BOONE,64.33,30.61,0.43,1.37,1.67,1.59
ABBOTT,91,4.56,0.49,0.69,1.46,1.8
CHARLES,38.87,47.28,0.8,2.05,3.71,7.28
ALLISON,83.01,12.22,0.45,1.23,1.57,1.52
SWEENEY,92.12,4.37,0.44,0.44,1.06,1.57
ATKINSON,81.73,13,0.41,0.54,1.35,2.97
HORN,86.75,8.31,0.84,1.16,1.46,1.48
JEFFERSON,18.72,75.24,0.25,1.85,2.38,1.57
ROSALES,4.19,0.35,2.55,0.24,0.44,92.23
YORK,87.72,7.69,0.6,0.93,1.45,1.61
CHRISTIAN,69.69,23.45,1.77,0.58,1.85,2.66
PHELPS,86.82,9.28,0.43,0.58,1.43,1.45
FARRELL,91.91,4.33,0.5,0.48,1.16,1.63
CASTANEDA,4.45,0.19,1.99,0.28,0.48,92.61
NASH,72.24,23.53,0.48,0.72,1.67,1.35
DICKERSON,65.09,30.91,0.33,0.43,1.87,1.38
BOND,78.18,17.05,0.57,0.83,1.75,1.62
WYATT,77.88,17.93,0.34,0.55,1.5,1.8
FOLEY,93.6,3.27,0.54,0.26,1.02,1.32
CHASE,83.65,10.98,0.52,1.6,1.55,1.7
GATES,77.13,18.66,0.48,0.71,1.49,1.52
VINCENT,82.26,12.05,0.94,0.6,1.83,2.33
MATHEWS,76.9,15.77,2.81,0.62,1.8,2.1
HODGE,71.1,24.27,0.38,0.62,1.73,1.89
GARRISON,85.31,10.45,0.4,0.72,1.5,1.62
TREVINO,7.41,0.22,0.17,0.49,0.38,91.33
VILLARREAL,6.57,0.16,0.18,0.22,0.34,92.53
HEATH,82.73,13.48,0.4,0.62,1.29,1.49
DALTON,88.39,7.51,0.4,0.69,1.35,1.66
VALENCIA,5.89,0.54,3.58,1.39,0.58,88.02
CALLAHAN,91.29,5.1,0.42,0.52,1.21,1.45
HENSLEY,94.24,1.61,0.34,0.93,1.39,1.49
ATKINS,70.28,25.51,0.39,0.56,1.82,1.44
HUFFMAN,92.88,3.92,0.33,0.54,1.13,1.2
ROY,79.9,9.25,5.58,1.62,1.8,1.85
BOYER,90.58,4.93,0.52,0.61,1.4,1.95
SHIELDS,78.28,17.26,0.42,1.03,1.53,1.47
LIN,2.29,0.13,95.13,0.03,2.02,0.4
HANCOCK,88.67,7.61,0.36,0.56,1.4,1.41
GRIMES,77.42,18.51,0.3,0.56,1.6,1.61
GLENN,63.64,32.18,0.36,0.6,1.62,1.61
CLINE,94.18,2.1,0.35,0.81,1.16,1.4
DELACRUZ,4.54,0.47,18.24,0.26,1.63,74.85
CAMACHO,7.13,0.57,2.77,0.22,0.88,88.43
DILLON,86.04,9.08,0.79,1,1.36,1.73
PARRISH,81.95,13.54,0.38,1.16,1.52,1.46
ONEILL,94.28,1.01,0.54,0.22,1.2,2.75
MELTON,82.29,13.59,0.41,0.94,1.42,1.36
BOOTH,85.15,10.32,0.52,1.02,1.46,1.53
KANE,91.64,3.38,1.5,0.54,1.32,1.62
BERG,95.91,0.39,0.54,0.4,1.12,1.63
HARRELL,68.77,27.8,0.3,0.44,1.45,1.24
PITTS,65.91,30.26,0.31,0.52,1.61,1.4
SAVAGE,77.24,18.59,0.42,0.67,1.61,1.46
WIGGINS,57.23,38.71,0.29,0.59,1.63,1.56
BRENNAN,95.97,0.69,0.59,0.3,0.95,1.5
SALAS,6.83,0.32,2.05,0.48,0.66,89.67
MARKS,81.35,13.47,0.58,0.9,1.82,1.89
RUSSO,95.14,0.35,0.37,0.17,1.17,2.79
SAWYER,82.52,13.29,0.52,0.59,1.59,1.49
BAXTER,82.59,13.24,0.48,0.68,1.46,1.54
GOLDEN,76.78,19.22,0.35,0.65,1.47,1.53
HUTCHINSON,78.4,17,0.5,0.6,1.77,1.72
LIU,1.83,0.15,95.46,0.04,2.06,0.46
WALTER,90.17,5.96,0.61,0.42,1.22,1.62
MCDOWELL,72.22,23.85,0.38,0.54,1.55,1.46
WILEY,67.53,28.42,0.38,0.59,1.68,1.4
RICH,86.98,8.91,0.55,0.58,1.36,1.62
HUMPHREY,74.03,21.94,0.33,0.64,1.56,1.5
JOHNS,81.25,12.7,0.67,1.98,1.84,1.56
KOCH,96.89,0.19,0.54,0.23,0.88,1.26
SUAREZ,9.32,0.67,2.11,0.2,0.45,87.25
HOBBS,80.8,15.36,0.33,0.66,1.43,1.42
BEARD,77.09,18.93,0.33,0.65,1.55,1.45
GILMORE,68.2,27.09,0.36,0.86,1.75,1.75
IBARRA,3.24,0.14,1.42,0.19,0.33,94.67
KEITH,81.17,14.1,0.52,1.04,1.56,1.61
MACIAS,5.26,0.18,0.29,0.26,0.37,93.64
KHAN,7.92,3.26,70.5,0.47,15.63,2.22
ANDRADE,16.92,1.67,1.72,0.25,5.02,74.41
WARE,51.5,43.85,0.36,0.78,1.95,1.56
STEPHENSON,83.02,12.49,0.46,0.6,1.67,1.77
HENSON,84.46,10.34,0.77,1.17,1.78,1.48
WILKERSON,66.92,28.77,0.37,0.61,1.82,1.51
DYER,85.82,10.08,0.44,0.6,1.47,1.6
MCCLURE,86.71,9.19,0.4,0.7,1.54,1.46
BLACKWELL,67.71,28.04,0.29,0.68,2,1.28
MERCADO,5.68,0.56,6.43,0.19,0.85,86.29
TANNER,84.06,11.26,0.45,1.01,1.61,1.61
EATON,86.74,9.49,0.44,0.61,1.24,1.48
CLAY,55.4,39.83,0.32,0.95,2.07,1.42
BARRON,53.82,9.41,0.58,0.47,1.06,34.66
BEASLEY,69.02,27.01,0.34,0.7,1.63,1.3
ONEAL,66.96,28.52,0.33,0.77,1.75,1.66
PRESTON,75.24,19.95,0.45,0.99,1.62,1.75
SMALL,64.63,30.53,0.41,1.14,1.71,1.58
WU,1.32,0.19,95.94,0.02,2,0.52
ZAMORA,5.99,0.22,2.37,0.37,0.53,90.52
MACDONALD,95.05,1.04,0.65,0.29,1.2,1.77
VANCE,83.42,12.46,0.39,0.71,1.51,1.51
SNOW,86.75,8.55,0.48,1.43,1.49,1.3
MCCLAIN,64.2,31.73,0.29,0.4,1.92,1.45
STAFFORD,81.14,14.72,0.35,0.78,1.53,1.48
OROZCO,3.86,0.12,0.39,0.27,0.28,95.07
BARRY,89.21,6.83,0.57,0.41,1.24,1.74
ENGLISH,74.07,21.27,0.56,0.61,1.82,1.66
SHANNON,77.39,18.73,0.45,0.38,1.55,1.5
KLINE,95.38,1.55,0.45,0.33,0.94,1.35
JACOBSON,96.05,0.38,0.53,0.48,1.09,1.47
WOODARD,62.49,33.58,0.3,0.49,1.72,1.41
HUANG,1.03,0.09,96.83,0.02,1.74,0.29
KEMP,73.76,22.17,0.37,0.64,1.71,1.34
MOSLEY,42.69,52.83,0.26,0.53,2.18,1.51
PRINCE,70.04,24.75,0.5,0.75,1.77,2.2
MERRITT,77.23,18.95,0.44,0.61,1.48,1.29
HURST,86.51,10,0.36,0.48,1.18,1.47
VILLANUEVA,4.88,0.39,12.52,0.23,1.23,80.75
ROACH,82.24,13.23,0.44,0.76,1.58,1.76
NOLAN,88.58,7.24,0.41,0.52,1.23,2.02
LAM,7.82,0.42,87.47,0.07,2.14,2.08
YODER,98.11,0.14,0.18,0.18,0.71,0.68
MCCULLOUGH,75.87,20.44,0.39,0.38,1.41,1.51
LESTER,77.72,18.1,0.29,1.08,1.32,1.49
SANTANA,6.2,1.14,0.45,0.19,0.88,91.13
VALENZUELA,5.55,0.21,2.36,2.06,0.63,89.18
WINTERS,81.09,14.47,0.53,0.71,1.57,1.64
BARRERA,5.79,0.24,1.34,0.19,0.4,92.03
LEACH,82.67,13.26,0.44,0.79,1.4,1.44
ORR,81.82,13.99,0.58,0.71,1.41,1.49
BERGER,93.9,2.39,0.49,0.35,1.18,1.69
MCKEE,89.46,6.28,0.51,0.84,1.49,1.42
STRONG,69.4,25.19,0.53,1.44,1.73,1.72
CONWAY,83.65,12.16,0.43,0.65,1.49,1.62
STEIN,95.59,0.9,0.51,0.29,1.1,1.63
WHITEHEAD,72.87,23.3,0.32,0.67,1.36,1.47
BULLOCK,64.13,32,0.33,0.53,1.66,1.34
ESCOBAR,6.32,0.46,1.83,0.29,0.54,90.56
KNOX,65.71,30.25,0.37,0.65,1.62,1.4
MEADOWS,82.93,13.59,0.27,0.42,1.42,1.36
SOLOMON,62.53,29.65,2.21,1.21,2.2,2.2
VELEZ,7.22,0.97,0.8,0.09,0.57,90.35
ODONNELL,96.46,0.38,0.47,0.18,1.01,1.51
KERR,89.19,6.31,0.64,0.56,1.63,1.67
STOUT,93.47,2.19,0.39,0.82,1.46,1.68
BLANKENSHIP,94.98,1.8,0.25,0.67,1.25,1.04
BROWNING,88.99,7.06,0.42,0.73,1.33,1.47
KENT,86.06,9.88,0.62,0.59,1.48,1.37
LOZANO,6.6,0.26,1.66,0.26,0.44,90.78
BARTLETT,92.43,3.37,0.5,0.54,1.47,1.69
PRUITT,75.13,20.8,0.25,0.74,1.68,1.4
BUCK,89.86,5.42,0.62,1.42,1.38,1.3
BARR,84.99,10.98,0.49,0.91,1.16,1.48
GAINES,45.12,50.27,0.32,0.56,2.06,1.67
DURHAM,75.5,20.74,0.32,0.6,1.54,1.31
GENTRY,84.11,11.83,0.31,0.63,1.51,1.6
MCINTYRE,81.17,15.14,0.47,0.41,1.31,1.5
SLOAN,81.91,13.08,0.42,1.58,1.44,1.57
MELENDEZ,5.63,1,0.46,0.31,0.56,92.04
ROCHA,17.47,0.42,0.58,0.37,2.05,79.11
HERMAN,92.35,3.01,0.64,0.94,1.1,1.96
SEXTON,92.92,3.38,0.33,0.73,1.25,1.39
MOON,70.43,10.28,14.85,1.05,1.89,1.5
HENDRICKS,78.17,16.55,0.53,1.26,1.77,1.72
RANGEL,6.08,0.23,0.26,0.26,0.4,92.77
STARK,93.71,2.4,0.47,0.7,1.22,1.49
LOWERY,70.35,22.05,0.27,4.39,1.64,1.3
HARDIN,79.56,15.62,0.36,1.29,1.69,1.47
HULL,87.34,8.23,0.45,0.79,1.44,1.75
SELLERS,78.89,16.91,0.42,0.9,1.42,1.46
ELLISON,68.41,27.61,0.4,0.64,1.54,1.4
CALHOUN,64.38,31.86,0.38,0.47,1.7,1.21
GILLESPIE,83.59,12.8,0.33,0.55,1.18,1.56
MORA,8.64,0.42,1.05,0.36,0.4,89.12
KNAPP,95.9,0.55,0.39,0.5,1.14,1.52
MCCALL,68.45,27.69,0.35,0.44,1.52,1.56
MORSE,91.55,4.35,0.61,0.52,1.55,1.42
DORSEY,43.97,51.81,0.29,0.44,2.27,1.22
WEEKS,86.04,9.64,0.49,0.78,1.41,1.64
NIELSEN,95.63,0.29,0.65,0.5,1.23,1.7
LIVINGSTON,74.69,19.78,0.48,1.83,1.53,1.69
LEBLANC,88.09,7.94,0.36,0.58,1.27,1.76
MCLEAN,70.6,24.8,0.46,0.54,1.8,1.79
BRADSHAW,80.46,15.58,0.35,0.53,1.52,1.56
GLASS,79.39,16.46,0.4,0.85,1.42,1.47
MIDDLETON,69.3,27.04,0.34,0.45,1.58,1.28
BUCKLEY,85.21,10.72,0.46,0.64,1.25,1.71
SCHAEFER,96.61,0.38,0.51,0.29,0.95,1.26
FROST,88,7.34,0.6,0.88,1.68,1.5
HOWE,92.25,2.77,0.76,1.22,1.52,1.48
HOUSE,77.33,17.85,0.35,1.61,1.56,1.3
MCINTOSH,72.78,22.22,0.37,1.14,1.96,1.52
HO,2.69,0.26,93.08,0.06,2.99,0.92
PENNINGTON,89.36,7.05,0.32,0.53,1.46,1.29
REILLY,96.07,0.56,0.54,0.14,1.04,1.66
HEBERT,91.99,4.74,0.29,0.41,1.11,1.45
MCFARLAND,80.85,15.39,0.45,0.51,1.33,1.47
HICKMAN,77.49,17.87,0.38,1.12,1.6,1.53
NOBLE,80.83,13.46,1.07,0.66,1.8,2.17
SPEARS,69.54,25.63,0.32,1.4,1.73,1.37
CONRAD,93.61,2.82,0.5,0.59,1.07,1.41
ARIAS,5.8,0.38,0.94,0.22,0.46,92.21
GALVAN,6.87,0.21,0.61,0.39,0.37,91.54
VELAZQUEZ,3.96,0.51,0.13,0.21,0.28,94.89
HUYNH,1.02,0.11,96.17,0.03,2.04,0.63
FREDERICK,82.9,12.8,0.49,0.79,1.49,1.53
RANDOLPH,58.2,37.29,0.4,0.69,2.06,1.38
CANTU,7.67,0.54,0.16,0.26,0.4,90.96
FITZPATRICK,87.12,9.21,0.5,0.37,1.22,1.58
MAHONEY,92.62,4.09,0.47,0.24,1.16,1.42
PECK,92.39,3.45,0.66,0.48,1.38,1.63
VILLA,10.17,0.43,2.09,0.41,0.64,86.25
MICHAEL,86.36,7.62,1.13,0.73,1.93,2.23
DONOVAN,94.59,1.7,0.53,0.23,1.08,1.87
MCCONNELL,90.56,5.67,0.41,0.72,1.4,1.24
WALLS,70.97,25,0.28,0.66,1.65,1.43
BOYLE,95.02,1.83,0.42,0.3,0.89,1.54
MAYER,94.55,1.17,0.66,0.3,1.13,2.19
ZUNIGA,4.57,0.42,0.76,0.29,0.34,93.62
GILES,67.59,26.14,0.35,0.5,1.65,3.77
PINEDA,4.29,0.35,5.46,0.15,0.52,89.23
PACE,80.08,15.91,0.47,0.43,1.52,1.59
HURLEY,91.9,4.48,0.52,0.62,1.24,1.24
MAYS,57.59,38.43,0.28,0.47,1.85,1.37
MCMILLAN,70.88,24.45,0.42,1.16,1.76,1.33
CROSBY,72.62,23.1,0.42,0.79,1.44,1.63
AYERS,85,11.37,0.44,0.43,1.55,1.21
CASE,93.55,2,0.58,1.04,1.34,1.49
BENTLEY,84,12.12,0.43,0.45,1.4,1.61
SHEPARD,78.43,17.14,0.43,0.9,1.48,1.62
EVERETT,71.64,23.31,0.39,0.63,1.6,2.43
PUGH,69.78,26.94,0.36,0.4,1.32,1.2
DAVID,65.29,13.75,10.5,1.84,2.6,6.03
MCMAHON,94.85,1.97,0.49,0.22,1.05,1.42
DUNLAP,77.58,18.61,0.32,0.61,1.49,1.39
BENDER,90.21,6.15,0.46,0.61,1.27,1.29
HAHN,91.64,0.38,5.2,0.28,1.24,1.27
HARDING,82.19,13.2,0.55,0.81,1.64,1.62
ACEVEDO,5.58,0.67,0.4,0.23,0.49,92.63
RAYMOND,82.76,11.12,0.79,0.88,2.08,2.38
BLACKBURN,88.9,7.01,0.37,0.83,1.47,1.41
DUFFY,92.13,4.13,0.62,0.47,1.16,1.5
LANDRY,84.84,11.98,0.39,0.37,1.18,1.23
DOUGHERTY,95.88,1,0.42,0.29,0.93,1.49
BAUTISTA,3.76,0.3,22.04,0.49,1.85,71.56
SHAH,4.05,1.14,87.8,0.24,5.88,0.89
POTTS,81.77,13.81,0.41,1.25,1.45,1.3
ARROYO,5.26,0.68,1.01,0.18,0.38,92.48
VALENTINE,68.97,22.19,0.45,0.54,1.77,6.07
MEZA,4.25,0.29,0.17,0.3,0.25,94.73
GOULD,88.59,6.7,0.53,1.29,1.46,1.42
VAUGHAN,84.03,12.38,0.37,0.49,1.33,1.39
FRY,92.6,3.13,0.5,0.9,1.43,1.45
RUSH,76.89,19.33,0.41,0.58,1.32,1.47
AVERY,72.69,23.06,0.44,0.73,1.67,1.42
HERRING,74.74,21.57,0.39,0.39,1.41,1.5
DODSON,83.09,12.23,0.42,1.13,1.61,1.51
CLEMENTS,86.47,9.71,0.38,0.55,1.44,1.46
SAMPSON,62.78,28.87,0.62,3.81,2.16,1.76
TAPIA,5.19,0.29,0.66,0.53,0.47,92.87
BEAN,83.01,12.77,0.45,0.86,1.48,1.45
LYNN,86.49,8.78,0.96,0.68,1.4,1.68
CRANE,91.58,4.27,0.54,0.68,1.3,1.62
FARLEY,85.58,10.34,0.43,0.75,1.39,1.52
CISNEROS,4.98,0.27,0.18,0.22,0.31,94.05
BENTON,71.59,23.99,0.44,0.82,1.68,1.49
ASHLEY,74.37,19.6,0.39,2.36,1.7,1.58
MCKAY,82.16,12.95,0.52,1.11,1.64,1.63
FINLEY,74.74,20.65,0.42,1.2,1.58,1.41
BEST,73.73,22.04,0.33,0.53,1.48,1.88
BLEVINS,91.1,4.76,0.29,1.03,1.67,1.15
FRIEDMAN,96.54,0.46,0.4,0.11,1.26,1.22
MOSES,57.92,33.8,1.5,2.86,2.24,1.68
SOSA,5.76,0.44,0.65,0.21,0.49,92.45
BLANCHARD,87.06,8.63,0.41,0.86,1.38,1.67
HUBER,96.62,0.35,0.45,0.31,0.98,1.3
FRYE,84.31,11.53,0.41,0.92,1.49,1.35
KRUEGER,97.06,0.16,0.43,0.29,0.9,1.15
BERNARD,67.36,23.32,0.77,0.73,2.2,5.62
ROSARIO,6.17,1.69,4.11,0.16,1.09,86.79
RUBIO,6.4,0.39,1.85,0.42,0.53,90.41
MULLEN,89.68,6.41,0.58,0.56,1.24,1.54
BENJAMIN,53.29,39.24,1.82,0.94,2.37,2.35
HALEY,83.27,12.9,0.4,0.66,1.36,1.41
CHUNG,2.34,1.93,91.02,0.04,3.62,1.05
MOYER,94.94,2.26,0.41,0.35,0.95,1.09
CHOI,1.5,0.15,96.46,0.03,1.51,0.35
HORNE,73.44,22.96,0.42,0.54,1.39,1.25
YU,1.45,(S),96.22,(S),1.68,0.56
WOODWARD,91.25,4.72,0.59,0.54,1.42,1.49
ALI,15.25,21.83,41.9,0.58,17.49,2.95
NIXON,65.46,29.85,0.42,0.64,1.75,1.89
HAYDEN,82.78,13.35,0.44,0.39,1.66,1.39
RIVERS,42.48,50.21,0.54,1.98,2.26,2.53
ESTES,88.53,6.72,0.46,1.18,1.49,1.63
MCCARTY,90.18,5.82,0.34,0.81,1.37,1.49
RICHMOND,74.23,21.73,0.46,0.59,1.67,1.32
STUART,85.41,9.81,0.46,0.53,1.66,2.14
MAYNARD,88.94,6.64,0.35,0.73,1.37,1.96
BRANDT,95.56,0.8,0.54,0.34,1.08,1.69
OCONNELL,96.43,0.29,0.5,0.2,1.12,1.45
HANNA,87.38,6.46,0.61,0.63,3.14,1.77
SANFORD,78.41,17.36,0.41,0.62,1.6,1.6
SHEPPARD,70.37,25.26,0.39,0.7,1.56,1.72
CHURCH,90.86,5.22,0.37,0.7,1.41,1.44
BURCH,80.58,14.86,0.46,0.82,1.56,1.73
LEVY,82.6,11.23,0.62,0.17,1.77,3.6
RASMUSSEN,96.02,0.2,0.67,0.32,1.18,1.62
COFFEY,89.96,6.37,0.39,0.62,1.31,1.36
PONCE,6.34,0.36,1.93,0.22,0.49,90.66
FAULKNER,81.58,14.54,0.41,0.52,1.44,1.5
DONALDSON,74.7,21.23,0.42,0.44,1.66,1.55
SCHMITT,96.82,0.19,0.42,0.32,0.88,1.37
NOVAK,96.84,0.27,0.44,0.24,0.95,1.26
COSTA,83.35,1.21,1.38,0.36,5.22,8.48
MONTES,5.88,0.61,0.83,0.36,0.48,91.83
BOOKER,30.09,65.57,0.18,0.33,2.34,1.49
CORDOVA,11.18,0.64,1.29,0.84,0.72,85.32
WALLER,71.82,24.64,0.38,0.39,1.52,1.26
ARELLANO,5.02,0.15,2.78,0.3,0.52,91.23
MADDOX,72.36,23.99,0.27,0.58,1.56,1.23
MATA,6.15,0.21,2.42,0.35,0.82,90.05
BONILLA,5.49,0.85,1.14,0.19,0.53,91.81
STANTON,84.09,11.72,0.48,0.64,1.53,1.54
COMPTON,88.96,7.22,0.34,0.74,1.22,1.51
KAUFMAN,95.77,1.31,0.46,0.23,0.93,1.29
DUDLEY,68.68,26.99,0.4,0.65,1.69,1.59
MCPHERSON,76.9,18.88,0.43,0.67,1.7,1.43
BELTRAN,5.93,0.3,3.49,0.28,0.5,89.5
DICKSON,78.17,16.55,0.53,1.25,1.59,1.91
MCCANN,91.23,5.39,0.49,0.4,1.12,1.38
VILLEGAS,4.47,0.33,3.2,0.39,0.49,91.11
PROCTOR,72.28,21.24,0.41,2.25,2.32,1.5
HESTER,75.85,20.78,0.42,0.37,1.45,1.14
CANTRELL,91.12,4.65,0.36,1.28,1.22,1.37
DAUGHERTY,91.64,4.17,0.43,0.98,1.43,1.34
CHERRY,60.87,34.98,0.51,0.44,1.81,1.38
BRAY,83.07,12.27,0.47,0.82,1.62,1.75
DAVILA,6.71,0.72,0.35,0.21,0.41,91.6
ROWLAND,88.72,6.97,0.47,0.99,1.37,1.48
LEVINE,92.54,3.96,0.45,0.15,1.04,1.87
MADDEN,86.7,9.78,0.46,0.39,1.37,1.29
SPENCE,75.73,19.67,0.46,0.58,1.74,1.81
GOOD,91.3,5.11,0.48,0.44,1.18,1.47
IRWIN,93.92,2.15,0.49,0.66,1.31,1.47
WERNER,96.4,0.37,0.59,0.27,0.97,1.39
KRAUSE,96.58,0.39,0.51,0.36,0.85,1.3
PETTY,75.78,20.32,0.33,0.56,1.56,1.46
WHITNEY,87.11,8.41,0.72,0.66,1.46,1.64
BAIRD,93.1,2.99,0.56,0.61,1.23,1.5
HOOPER,81.92,13.06,0.47,1.19,1.57,1.8
POLLARD,65.1,30.34,0.46,0.49,2.08,1.54
ZAVALA,4.1,0.17,0.16,0.16,0.31,95.1
JARVIS,87.02,8.4,0.45,0.5,1.69,1.94
HOLDEN,78.91,16.9,0.37,0.85,1.55,1.41
HAAS,96.67,0.23,0.42,0.37,0.92,1.39
HENDRIX,80.35,15.49,0.32,0.71,1.77,1.35
MCGRATH,95.91,0.59,0.51,0.38,0.99,1.61
BIRD,90.03,3.09,0.74,2.63,1.58,1.92
LUCERO,11.88,0.22,2.46,3.08,0.88,81.49
TERRELL,57.43,38.31,0.27,0.77,1.75,1.47
RIGGS,89.44,5.83,0.34,1.46,1.48,1.44
JOYCE,89.32,7.51,0.49,0.29,1.17,1.22
MERCER,83.74,12.35,0.39,0.64,1.27,1.61
ROLLINS,70.86,25.07,0.31,0.53,1.64,1.59
GALLOWAY,72.1,23.51,0.4,0.55,1.65,1.79
DUKE,87.36,7.93,0.53,0.52,1.37,2.28
ODOM,71.3,25.06,0.35,0.58,1.46,1.25
ANDERSEN,95.51,0.57,0.63,0.41,1.16,1.72
DOWNS,85.69,9.75,0.39,0.61,1.37,2.19
HATFIELD,93.68,2.77,0.36,0.61,1.32,1.26
BENITEZ,4.97,0.53,1.84,0.12,0.44,92.11
ARCHER,81.9,12.99,0.43,0.65,1.96,2.07
HUERTA,4.44,0.22,0.3,0.19,0.25,94.6
TRAVIS,76.04,20.02,0.49,0.42,1.45,1.58
MCNEIL,55.32,40.8,0.3,0.67,1.57,1.34
HINTON,55.63,40.04,0.31,1.14,1.7,1.18
ZHANG,0.61,0.09,98.16,0.02,0.96,0.16
HAYS,92.62,3.52,0.44,0.6,1.32,1.5
MAYO,67.05,22.51,1.74,0.91,1.91,5.87
FRITZ,94.65,2.1,0.45,0.41,0.94,1.45
BRANCH,49.23,46.39,0.27,0.49,1.76,1.86
MOONEY,92.39,3.97,0.49,0.6,1.26,1.29
EWING,78.68,17.11,0.56,0.43,1.57,1.64
RITTER,94.11,2.86,0.36,0.38,1.1,1.2
ESPARZA,5.4,0.14,0.15,0.35,0.23,93.72
FREY,96.24,0.87,0.43,0.29,0.97,1.2
BRAUN,95.97,0.5,0.54,0.24,0.96,1.78
GAY,73.81,21.5,0.65,0.74,1.46,1.84
RIDDLE,89.84,5.62,0.42,1.06,1.64,1.43
HANEY,88.96,7.03,0.36,0.82,1.51,1.31
KAISER,94.64,1.69,0.7,0.48,1.09,1.4
HOLDER,76.28,18.99,0.4,0.79,1.8,1.75
CHANEY,73.58,22.34,0.38,0.81,1.56,1.34
MCKNIGHT,62.47,33.86,0.38,0.42,1.62,1.24
GAMBLE,59.63,35.93,0.4,0.89,1.68,1.47
VANG,1.44,0.15,92.9,0.05,4.83,0.63
COOLEY,80.16,16.22,0.36,0.85,1.26,1.16
CARNEY,87.32,8.39,0.5,0.96,1.25,1.57
COWAN,81.67,14.38,0.42,0.58,1.39,1.55
FORBES,74.24,20.26,0.6,0.53,1.89,2.48
FERRELL,76.95,19.21,0.35,0.43,1.4,1.66
DAVIES,91.34,5.01,0.59,0.31,1.28,1.46
BARAJAS,3.28,0.17,0.17,0.18,0.23,95.97
SHEA,95.74,0.34,1.35,0.21,0.97,1.4
OSBORN,92.72,2.85,0.51,0.79,1.49,1.64
BRIGHT,73.21,22.33,0.72,0.62,1.67,1.44
CUEVAS,9.04,0.34,1.85,0.22,0.49,88.05
BOLTON,75.55,20.39,0.39,0.54,1.51,1.62
MURILLO,4.81,0.3,0.87,0.39,0.49,93.13
LUTZ,96.18,0.54,0.44,0.23,0.95,1.64
DUARTE,18.08,1.31,1.02,0.3,2.73,76.56
KIDD,76.98,18.85,0.84,0.52,1.65,1.16
KEY,71.31,23.7,0.72,0.9,1.68,1.69
COOKE,80.5,15.06,0.44,1.16,1.37,1.47
GOFF,88.96,7.25,0.42,0.47,1.29,1.62
DEJESUS,6.43,1.61,7.75,0.23,1.16,82.81
MARIN,14.74,1.21,0.71,0.22,0.55,82.57
DOTSON,70.32,25.84,0.29,0.59,1.64,1.32
BONNER,56.25,39.74,0.38,0.38,1.85,1.41
COTTON,53.59,41.92,0.29,0.77,1.9,1.53
MERRILL,91.74,3.91,0.54,0.92,1.36,1.54
LINDSAY,75.11,20.51,0.49,0.55,1.76,1.58
LANCASTER,85.89,9.64,0.53,0.64,1.64,1.66
MCGOWAN,77.96,18.69,0.35,0.4,1.28,1.32
FELIX,21.19,11.15,2.61,0.97,1.73,62.35
SALGADO,4.56,0.28,1.42,0.42,0.43,92.88
SLATER,81.47,14.41,0.45,0.69,1.35,1.63
CARVER,90.64,5.51,0.32,0.61,1.34,1.59
GUTHRIE,89.92,5.53,0.44,1.25,1.41,1.46
HOLMAN,72.27,23.26,0.29,0.69,1.79,1.7
FULTON,74.06,21.56,0.46,0.95,1.42,1.55
SNIDER,93.71,2.66,0.45,0.73,1.24,1.21
SEARS,84.68,10.85,0.43,0.83,1.65,1.57
WITT,93.04,3.29,0.39,0.63,1.06,1.59
NEWELL,81.55,14.44,0.4,0.65,1.28,1.67
BYERS,82.91,13.39,0.42,0.55,1.41,1.33
LEHMAN,96.36,0.7,0.48,0.35,0.91,1.2
GORMAN,91.48,3.11,0.42,1.94,1.21,1.83
COSTELLO,91.81,1.33,0.54,0.37,1.47,4.48
DONAHUE,93.76,2.72,0.4,0.72,0.98,1.42
DELANEY,85.31,10.89,0.49,0.35,1.35,1.61
ALBERT,80.36,12.39,1.12,1.44,1.56,3.13
WORKMAN,91.28,4.83,0.36,0.74,1.35,1.43
ROSAS,4.73,0.24,0.53,0.18,0.33,93.99
SPRINGER,85.65,9.61,0.52,0.73,1.76,1.74
JUSTICE,87.72,8.87,0.33,0.68,1.41,0.99
KINNEY,87.58,7.37,0.69,1.27,1.6,1.49
ODELL,93.29,2.05,0.52,0.75,1.62,1.77
LAKE,83.56,11.32,0.71,1.14,1.46,1.8
DONNELLY,95.46,1.13,0.5,0.26,1.03,1.61
LAW,68.5,15.12,13.17,0.33,1.61,1.28
DAILEY,79.67,16.05,0.37,0.84,1.45,1.61
GUEVARA,5.14,0.49,2.98,0.33,0.65,90.42
SHOEMAKER,94.82,2.02,0.39,0.51,1.09,1.17
BARLOW,82.57,13.09,0.42,1.13,1.49,1.31
MARINO,87.16,0.63,0.9,0.2,1.25,9.86
WINTER,94.61,1.89,0.52,0.35,1.02,1.61
CRAFT,82.89,13.88,0.3,0.44,1.43,1.06
KATZ,96.32,0.35,0.56,0.06,1.09,1.62
PICKETT,67.7,28.89,0.34,0.45,1.28,1.34
ESPINOSA,9.1,0.49,3.42,0.4,0.57,86.03
DALY,92.85,3.18,0.62,0.19,1,2.16
MALONEY,93.23,2.99,0.42,0.78,1.16,1.42
GOLDSTEIN,95.96,0.72,0.59,0.04,1.06,1.64
